138
259
288
211
197
288
261
217
196
199
206
202
260
218
202
200
285
205
265
239
701
262
257
580
206
192
271
258
268
270
283
268
199
209
208
618
208
292
189
265
226
206
263
211
630
585
272
1023
252
195
269
235
259
361
212
197
218
204
220
201
205
209
213
261
205
346
288
265
212
357
331
260
204
361
257
258
237
278
283
276
200
302
303
266
269
196
276
286
221
199
197
196
456
259
373
264
206
503
197
202
195
378
196
332
285
205
329
270
231
212
518
234
290
241
263
287
243
188
504
203
199
378
192
261
522
290
260
342
207
347
287
254
320
446
270
277
322
312
271
307
308
276
275
251
250
286
258
199
303
270
261
301
287
316
269
283
270
271
299
413
263
268
261
348
271
417
300
302
277
325
250
196
198
208
277
652
374
226
273
204
268
297
265
196
242
305
280
262
265
295
287
735
188
205
247
210
206
209
285
258
201
203
231
269
193
204
199
196
271
213
255
277
250
5516
282
256
278
423
252
276
386
264
296
253
193
209
208
229
219
348
327
216
209
275
242
320
250
199
464
203
263
282
231
201
643
206
208
271
202
303
306
242
243
233
251
226
202
270
228
271
205
250
268
282
202
224
258
320
386
200
283
278
517
405
206
207
244
231
302
292
326
461
362
267
275
255
200
255
204
219
230
214
210
246
255
226
373
217
196
263
280
576
330
229
202
216
278
683
316
284
268
218
776
307
217
198
208
208
240
203
245
258
210
270
309
203
259
205
269
228
270
209
292
260
215
293
215
307
326
336
348
256
203
244
310
238
316
250
277
244
231
234
286
307
325
266
230
303
406
487
274
298
207
290
219
352
266
205
278
285
321
218
271
375
278
331
237
226
227
268
221
281
205
216
289
204
202
197
268
260
205
263
289
193
283
297
12447
262
658
264
257
198
258
218
303
202
204
218
540
260
212
202
268
266
211
221
204
204
267
233
252
335
215
260
211
291
206
273
304
269
216
250
194
260
213
255
231
225
223
301
249
338
420
203
212
324
191
280
271
358
221
201
311
234
308
271
209
509
295
251
258
289
266
411
205
597
212
321
329
227
227
258
297
206
293
227
263
347
261
205
224
314
262
223
211
265
266
318
235
247
271
212
238
216
289
318
210
267
199
361
293
392
364
303
204
424
892
267
268
269
248
334
377
233
203
281
276
233
284
323
281
293
252
211
300
204
212
211
270
201
287
253
651
202
262
204
282
195
306
250
201
226
212
206
292
269
255
214
347
370
211
237
218
202
190
216
214
253
209
276
197
210
225
263
260
199
393
205
208
204
262
259
203
197
343
269
245
586
277
209
323
195
640
671
352
296
209
255
449
201
256
577
249
262
208
203
208
244
206
272
251
345
203
216
297
211
220
233
300
269
202
212
194
214
208
333
205
309
199
204
291
219
229
212
265
270
195
258
287
413
217
260
271
307
366
212
204
236
206
235
226
375
191
292
323
198
657
222
631
203
210
499
224
334
235
251
656
194
251
209
220
218
262
334
262
665
278
211
327
212
273
609
258
252
316
278
299
307
291
207
434
198
221
285
453
240
357
204
214
203
198
355
221
281
263
256
199
344
303
273
259
274
265
260
272
213
244
262
207
290
567
366
277
261
236
286
558
205
406
293
353
213
331
250
231
374
328
301
229
266
261
273
225
222
260
229
269
282
196
270
502
264
294
230
261
336
211
303
398
541
593
430
466
273
332
291
273
252
280
344
268
203
260
257
375
240
321
286
284
231
198
523
262
227
198
269
216
334
387
260
238
217
687
214
224
306
275
420
596
200
265
234
288
260
239
272
225
654
225
438
