398
557
348
490
318
327
339
353
375
358
302
412
325
397
316
412
333
313
354
396
423
404
360
360
382
382
383
354
451
355
385
380
485
377
473
413
363
300
379
354
370
349
383
466
356
466
359
358
392
332
555
370
345
412
377
839
336
443
355
390
416
356
345
437
378
637
441
431
385
432
400
377
491
420
371
468
379
417
368
385
390
393
364
365
765
344
425
7264
331
338
381
398
374
382
398
298
422
417
383
413
357
348
445
465
341
347
357
382
364
401
461
367
446
594
378
421
364
465
353
311
512
356
378
351
346
355
371
357
303
382
447
347
399
371
396
345
379
371
358
392
436
790
385
385
375
328
346
383
392
292
343
367
358
384
371
836
347
383
370
393
358
402
308
349
412
349
401
387
367
406
362
442
399
1382
393
351
403
357
348
680
377
341
407
474
343
429
353
452
414
368
384
428
362
365
425
472
393
431
440
432
341
331
1056
849
359
355
350
517
530
411
352
357
394
324
348
361
433
359
337
398
414
371
333
349
404
320
347
342
376
399
471
351
345
766
444
418
395
351
346
427
358
331
425
314
388
366
363
332
418
1106
371
373
1161
373
354
398
368
449
367
378
394
408
417
416
293
481
299
364
305
378
446
504
362
305
340
352
317
305
389
339
369
354
456
808
398
394
411
493
604
385
384
363
309
339
321
295
335
439
337
295
327
393
470
480
522
378
391
734
333
297
461
432
418
807
507
778
368
592
409
438
459
343
352
355
434
322
376
783
290
436
345
345
315
368
346
358
345
407
355
384
409
598
353
372
450
374
386
443
912
364
357
385
337
314
305
294
793
394
797
339
373
400
372
362
351
512
381
352
348
358
366
538
314
300
353
349
385
821
347
772
1064
378
451
362
936
337
468
373
359
351
498
462
374
356
360
409
354
324
349
420
347
474
387
345
353
334
370
390
386
352
343
346
342
770
367
375
358
338
313
382
356
378
305
348
845
358
355
350
320
359
397
305
386
350
351
606
435
390
509
361
364
424
368
489
313
409
359
353
358
344
797
395
349
352
489
308
356
347
769
435
322
346
405
352
399
351
999
909
351
351
339
368
805
796
354
354
598
341
488
367
352
452
710
364
366
349
379
349
348
479
374
359
361
348
355
459
356
362
363
738
663
388
342
358
354
755
304
732
372
452
346
344
510
370
370
308
354
328
403
370
353
516
508
321
326
309
719
323
300
387
361
805
356
432
352
354
347
377
465
374
351
760
379
383
369
357
393
344
754
348
367
377
353
342
359
462
354
375
383
398
355
348
387
348
587
306
365
360
374
375
354
359
369
395
381
353
711
357
348
360
352
358
359
350
346
406
378
368
421
351
385
358
312
705
403
369
348
355
352
831
502
343
388
353
352
353
359
348
396
346
359
307
354
434
346
363
422
608
386
12470
343
358
344
365
817
356
372
401
384
429
338
364
331
371
361
359
355
349
344
356
337
384
410
364
702
354
387
381
484
405
352
355
357
356
346
345
704
369
375
417
368
369
394
308
698
338
385
380
378
374
303
425
397
435
311
316
360
376
314
348
352
712
416
347
351
367
356
378
359
386
404
382
332
380
347
359
350
339
484
362
323
357
366
352
386
360
352
348
387
453
508
396
345
385
517
346
341
1110
634
504
355
379
365
331
344
1012
507
360
349
764
1075
386
359
376
337
385
390
714
354
351
378
428
354
340
349
349
348
383
400
412
360
383
389
448
590
333
444
345
360
463
348
864
351
428
402
347
471
465
363
1021
415
353
391
381
344
355
338
385
450
657
357
357
381
383
356
479
722
399
763
340
436
390
354
811
839
359
480
353
349
380
